Afar/AA-Cushitic -0.29872816056 0.0124468135692 -0.0606498092493
Afrikaans/IE-Germanic-W 0.0316134755193 0.0793730679954 0.23472247289
Ainu/isolated 0.0401573213597 -0.295084296207 0.0793841277572
Albanian_(Gheg)/IE-isolated 0.243284497762 -0.158630132173 -0.0408584973479
Albanian_(Tosk)/IE-isolated 0.229713010004 -0.133674828382 -0.0522793926303
Altai/Turkic -0.0223678520677 -0.246983703285 -0.152265588819
Amharic/AA-Semitic -0.22974670654 0.0824316399854 -0.0399501455428
Arabic/AA-Semitic -0.229630388482 0.169570958117 -0.0354077357374
Aramaic_(Syriac)/AA-Semitic -0.203679856589 0.176683433186 -0.0544954154595
Arbanaski/IE-isolated 0.23833978024 -0.11578232889 -0.0267164041228
Armenian/IE-isolated -0.153790628602 0.239183182701 0.0884972920365
Armenian_(Classical)/IE-isolated -0.127429986758 0.253161905972 0.0320383676244
Armenian_(Eastern)/IE-isolated -0.159555386781 0.234413281286 0.0884281988011
Assamese/IE-Indic 0.0397981932724 0.178492018159 -0.133830726552
Assyro-Babylonian/AA-Semitic -0.253770778925 0.150195010858 -0.0119111699472
Avestan/IE-Iranian 0.147615301037 0.110259769823 -0.111541942086
Azeri/Turkic 0.0353952272298 -0.259245447671 -0.150907058055
Balochi/IE-Iranian 0.0893083720559 0.112276790592 -0.173267052594
Basaa/NC -0.181511655677 -0.0555098144567 -0.310130290555
Basque/isolated -0.20313490752 -0.0208978394388 0.252910400884
Belarusian/IE-Slavic 0.216280227568 -0.0111364104378 0.128609373841
Bemba/NC -0.243085055029 -0.108806726948 -0.169254820843
Bengali/IE-Indic 0.0485380157557 0.198505391006 -0.107773067584
Bihari/IE-Indic 0.0269487360289 0.216224399499 -0.0784479129674
Bole/AA-Chadic -0.240092360889 0.0522470221591 -0.150422417898
Brazilian_Portuguese/IE-Romance-W 0.147844528643 0.157556684018 0.0738710714442
Breton/IE-Celtic 0.168649345344 -0.1168014544 -0.0256497442041
Bulgarian/IE-Slavic 0.213133989908 0.00951925245112 0.0781195133191
Burmese/ST -0.141258678504 -0.273924942907 0.0862187133133
Burushaski/isolated -0.229779053225 -0.129863261866 0.169388815578
Buryat/Mongolic -0.0694175145081 -0.162988326843 -0.26605672582
Buyang/TK -0.18119936735 -0.233901753135 0.134647805605
Catalan/IE-Romance-W 0.160583689281 0.152227674537 0.0470944651256
Cebuano/Austronesian -0.0456674209629 -0.14430532843 0.188988098232
Chechen/Caucasian 0.0640101841141 -0.348717983372 0.0421770481197
Chinese_(Cantonese)/ST -0.121131338764 -0.291221084289 0.0316734705185
Chinese_(Mandarin)/ST -0.162845383624 -0.297552044932 0.00657917786819
Chuvash/Turkic 0.0712795681468 -0.286221272287 -0.0812323739004
Comorian/NC -0.225720505676 -0.0443530028892 -0.24256613208
Coptic/AA-Egyptian -0.273667547498 -0.153118487947 -0.0154003239253
Cornish/IE-Celtic 0.159827237612 -0.106048782279 -0.0660070222248
Croatian/IE-Slavic 0.203362016078 0.00916820292016 0.129629761242
Czech/IE-Slavic 0.202264933782 0.00119457952296 0.112635828821
Dalmatian/IE-Romance-W 0.115989572292 0.18842110892 0.0723525828659
Danish/IE-Germanic-N 0.0201464886549 0.141909437597 0.18144622069
Dhivehi_(Maldivian)/IE-Indic -0.0106324908813 0.154647607375 -0.244842809877
Douala/NC -0.300433566254 -0.0157237056435 -0.176017603496
Dutch/IE-Germanic-W 0.0327931333388 0.0778530534321 0.228847606742
Elamite/isolated -0.0798483593481 -0.323973961436 -0.0506311759783
English/IE-Germanic-W 0.0389031555047 0.127268360697 0.195450746422
Estonian/Uralic 0.0568712447955 -0.0863361848079 -0.261423540524
Etruscan/isolated 0.141761132167 -0.188364938924 -0.141595908291
Faroese/IE-Germanic-N -0.00836562363695 0.124314354735 0.181013015328
Finnish/Uralic 0.0271791459755 -0.0976604072572 -0.260330764596
Flemish/IE-Germanic-W 0.026072189232 0.0692674616789 0.228297744808
French/IE-Romance-W 0.173972785072 0.13960477826 0.0312795700029
French_Creole_C/isolated 0.201552501099 -0.0846831555957 -0.172077155849
French_Creole_D/isolated 0.181342095093 -0.196462772411 -0.0137225434045
Frisian/IE-Germanic-W 0.045458254139 0.0644999560179 0.217528815309
Friulian/IE-Romance-W 0.136916694307 0.156180743389 0.0822979240941
Fula/NC 0.0834936086167 -0.191793168726 -0.20318646964
Galician/IE-Romance-W 0.148488961593 0.150784823721 0.0676477240397
Gaulish/IE-Celtic 0.130132880177 -0.0888357722719 0.0245863990473
Geez/AA-Semitic -0.230653646058 0.142145068222 -0.0575595170968
Gelao/TK 0.0952624104535 -0.299532741507 0.148954445752
Georgian/Caucasian -0.159414865947 -0.223269075693 -0.164070250133
German/IE-Germanic-W 0.000686961264881 0.0755719675818 0.221262918746
Gothic/IE-Germanic-E 0.0180735268155 0.0264870679737 0.191199740714
Greek_(ancient)/IE-isolated 0.113470279844 -0.15969348296 0.131807582181
Greek_(modern)/IE-isolated 0.0687493711634 -0.119470667691 0.175490022588
Gujarati/IE-Indic -0.00543999702433 0.226108189 -0.0303728659389
Gypsy_Romani/IE-Indic 0.0126346784885 0.167865123425 -0.151935391712
Hausa/AA-Chadic -0.319821442328 0.0149927563569 0.0152959036284
Hebrew/AA-Semitic -0.235648933997 0.189498941234 -0.0746724662883
Hindi/IE-Indic -0.0396466985806 0.201896872687 -0.113671001421
Hittite/IE-Anatolian -0.108563143518 -0.0411845310681 0.23882153482
Hungarian/Uralic 0.0565236643875 -0.0529829543264 -0.289433795388
Hurrian/Hurro-Urartian -0.331006859411 -0.0376974451489 0.116831492096
Icelandic/IE-Germanic-N -0.027603301657 0.118421582093 0.183692255313
Indonesian/Austronesian -0.186872690216 0.106788147436 0.18001080797
Inuit/Eskimo-Aleut 0.0997102751384 -0.143499590331 -0.24498035477
Irish/IE-Celtic 0.149494667416 -0.051828846643 -0.135282406914
Ishkashimi/IE-Iranian 0.182245616418 0.0708069129164 -0.157114657592
Istro-Romanian/IE-Romance-E 0.0894152152976 0.178319050325 0.02606883247
Italian/IE-Romance-W 0.13417352157 0.117489120165 0.0690140060294
Japanese/isolated -0.218821199255 0.146838053652 -0.233371235859
Javanese/Austronesian -0.147562561109 -0.0774127083757 0.225082310897
Kabylian/AA-Berber -0.236704585587 0.025039974626 0.125429962653
Kalasha/IE-Iranian 0.0510770823627 0.251806720278 -0.0434187941595
Kalmyk/Mongolic -0.0869057468037 -0.101982681101 -0.255665986543
Kannada/Dravidian -0.255637542241 -0.0457087689294 -0.0971379461132
Kashmiri/IE-Indic 0.0434252943429 0.203806297378 -0.161024098081
Kazakh/Turkic -0.0147894989325 -0.247855308485 -0.167260432537
Ket/ST -0.240451463398 0.152534120855 0.221616143782
Khmer/MK -0.190365308322 -0.241348530837 -0.0715932151742
Khowar/IE-Indic 0.138835864298 0.217710556997 -0.0350006998386
Komi/Uralic 0.00340384829126 0.0361675059177 -0.290701819638
Korean/isolated -0.193496387796 -0.170307918339 -0.154776177169
Kurdish/IE-Iranian 0.143926263018 0.0986439687352 -0.200246983817
Ladin/IE-Romance-W 0.141664485799 0.151297805608 0.0581968262276
Lahnda/IE-Indic 0.0123278015419 0.184130887867 -0.0916431570245
Lao/TK -0.152130220404 -0.244522565147 0.192157658071
Latin/IE-Italic 0.100944062409 0.122616592184 0.0922387614903
Latvian/IE-Baltic 0.224119268477 -0.101389943531 0.0731673231517
Letzebuergesch/IE-Germanic-W -0.00500288543734 0.0974052880547 0.212534311792
Lithuanian/IE-Baltic 0.198151363843 0.0321186061804 0.0361872064056
Luwian/IE-Anatolian -0.0247949098754 -0.0596411014171 -0.172993458609
Lycian/IE-Anatolian 0.121547775414 -0.223932841307 -0.0552739726677
Macedonian/IE-Slavic 0.211267318501 -0.00658497129574 0.118360096695
Magahi/IE-Indic 0.0128037757511 0.208504232864 -0.0805905006736
Malagasy/Austronesian -0.180066331146 -0.0991883980954 0.141659035326
Malayalam/Dravidian -0.292512372585 -0.0914632364734 -0.0800878899827
Maltese/AA-Semitic -0.227332413621 0.173546705338 -0.00524623077369
Manchu/Tungusic -0.298886891379 0.0757545088721 0.116896451962
Maori/Austronesian -0.000486316266771 -0.194601231995 0.268788879164
Marathi/IE-Indic -0.0131529830418 0.19447997468 -0.13389792585
Mari/Uralic -0.00753233126973 -0.00320291987187 -0.278167689152
Marwari/IE-Indic 0.0181182029935 0.198857833496 -0.0909038021573
Middle_Persian/IE-Iranian 0.134262253266 0.110620931414 -0.151485662992
Mongolian/Mongolic -0.0318828490012 -0.13133260367 -0.256882663106
Mycenaean/IE-isolated 0.155075244694 -0.070172230652 0.0866381937323
Nenets/Uralic 0.0688410927521 0.0173430161779 -0.279719101871
Nepali/IE-Indic 0.0351473863319 0.166337940232 -0.0936776321306
Norwegian_(Bokmål)/IE-Germanic-N 0.0230839362952 0.0108025169783 0.0484936494705
Norwegian_(Nynorsk)/IE-Germanic-N 0.024592061487 0.0119923516304 0.046320977559
Old_Church_Slavonic/IE-Slavic 0.198768837313 -0.000933054574942 0.0916885608379
Old_Egyptian/AA-Egyptian -0.21890621633 0.0949507209311 -0.144535271896
Old_English/IE-Germanic-W 0.0284395861058 0.0620130054601 0.184039737484
Old_High_German/IE-Germanic-W -0.00121038643455 0.072078086775 0.203202810069
Old_Irish/IE-Celtic 0.132893053785 -0.0559417435457 -0.119666509652
Old_Norse/IE-Germanic-N -0.0160730240903 0.105366139846 0.180192596541
Old_Persian/IE-Iranian 0.144549851323 0.130209607886 -0.168422718717
Oriya/IE-Indic 0.0367575150905 0.195355082275 -0.0853045197781
Oromo/AA-Cushitic -0.26664099254 -0.0558196058932 0.0282790498185
Oroqen/Tungusic -0.297838330782 0.113825389994 0.0846906769626
Oscan/IE-Italic 0.074554927582 0.137171902719 0.0921164847309
Ossetic_(Digor)/IE-Iranian 0.235529392245 0.0241593605112 -0.083316543619
Ossetic_(Iron)/IE-Iranian 0.234431041022 0.0369570829456 -0.0451382822782
Pashto/IE-Iranian 0.236869078746 0.0921509436895 -0.0746777546461
Pennsylvania_Dutch/IE-Germanic-W 0.0503867979905 0.0496697362023 0.218604072016
Persian/IE-Iranian 0.106099879217 0.0851890087828 -0.170206618736
Phoenician/AA-Semitic -0.223250372736 0.188400948854 -0.0582087896906
Phrygian/IE-isolated 0.0487859861198 -0.0561131526219 -0.0924521836327
Polish/IE-Slavic 0.211336528766 0.00269200884103 0.11120788696
Portuguese/IE-Romance-W 0.138775252802 0.147019112465 0.0733150040827
Proto_Indo_European/IE-isolated 0.0887673152732 0.0220357884822 0.0836051319349
Provençal/IE-Romance-W 0.0321908403103 -1.44589852758e-05 0.0336278424005
Prussian/IE-Baltic 0.102192555072 -0.0236915682425 0.0818730546203
Punjabi/IE-Indic -0.0249447059125 0.162416569752 -0.0932213797671
Romanian/IE-Romance-E 0.0637073882097 0.158442161934 0.0593552241373
Romansch/IE-Romance-W 0.131813492076 0.158038421937 0.110940980332
Russian/IE-Slavic 0.188912401656 0.000766287642158 0.108110400343
Safaitic/AA-Semitic -0.173254960357 0.120823378266 -0.0357728763272
Saka/IE-Iranian 0.195690089507 0.0998693148686 -0.12519994342
Sami/Uralic -0.0607951902747 0.0557059232425 -0.235281898859
Samoan/Austronesian 0.00290364553231 -0.17293678967 0.277839131753
Sanskrit/IE-Indic 0.054072696417 0.0742352595257 -0.0376216666744
Sanskrit_(Vedic)/IE-Indic 0.0404118208404 0.0541940263991 -0.0218500191914
Sardinian_L/IE-Romance-S 0.0438760525459 0.170632222496 0.092979163308
Sardinian_N/IE-Romance-S 0.117959611216 0.118623911439 0.0179374397285
Sariqoli/IE-Iranian 0.224911888275 0.0633268565122 -0.120398233548
Schwyzerduetsch/IE-Germanic-W 0.0366206746098 0.0438865907949 0.212710783802
Scots_(Scottish_English)/IE-Germanic-W 0.030566675013 0.0999610103548 0.198952367915
Scottish_Gaelic/IE-Celtic 0.119106133817 -0.0702751751662 -0.12934896914
Serbian/IE-Slavic 0.188773725823 0.00607910568192 0.105612239752
Shan/TK -0.148105379758 -0.220326182658 0.206686620792
Sindhi/IE-Indic -0.0175058590577 0.178231914263 -0.0562528560898
Sinhalese/IE-Indic -0.0271880824357 0.102212891102 -0.193335451765
Slovak/IE-Slavic 0.187440499095 -0.0187823228083 0.118317015691
Slovene/IE-Slavic 0.186279898748 -0.0026854813025 0.11688089511
Sogdian/IE-Iranian 0.17132480145 0.111117158376 -0.0782911912384
Somali/AA-Cushitic -0.138807010137 -0.19469793215 -0.00867964429775
Spanish/IE-Romance-W 0.129119908443 0.125666839122 0.0987195917702
Sranan/isolated 0.0111270600755 0.178526382019 0.185734983656
Sumerian/isolated -0.0351339629115 -0.299587929145 0.179750785777
Swahili/NC -0.234031550744 -0.0803665237313 -0.217116404556
Swedish/IE-Germanic-N 0.0441118793114 0.0873808689131 0.172558988174
Tagalog/Austronesian -0.0936033077833 -0.118687319794 0.201488269014
Tahitian/Austronesian 0.0500202386206 -0.211102276958 0.240244518308
Tajik/IE-Iranian 0.0997866503564 0.051902976428 -0.185284061052
Tamasheq/AA-Berber -0.239373356536 -0.0476376592897 0.120498297126
Tamil/Dravidian -0.276322962543 -0.133964648322 -0.0568904049774
Tatar/Turkic -0.00986640419434 -0.235000064505 -0.15613302425
Tausug/Austronesian -0.0723686305635 -0.0840673157977 0.152383392852
Telugu/Dravidian -0.270147961342 -0.0583335191336 -0.0629075938718
Thai/TK -0.158028886629 -0.208325864045 0.185951786932
Tibetan/ST -0.0424671600583 -0.283077728328 0.0962714659585
Tigrigna/AA-Semitic -0.207935897018 0.113054434374 0.0205308927878
Tocharian_A/IE-isolated 0.108633055309 -0.127623242819 0.0600944353951
Tocharian_B/IE-isolated 0.127904810825 -0.159530467958 0.0723466753183
Tsakonian/IE-isolated 0.11430321718 -0.135255812971 0.222542328375
Turkish/Turkic 0.0350978271502 -0.25998502284 -0.120780346261
Ukrainian/IE-Slavic 0.188253506834 -0.00590902389119 0.12641024976
Umbrian/IE-Italic 0.0740143085798 0.0192075300726 0.0590944110475
Urartian/Hurro-Urartian -0.264619736114 0.0187562854298 0.220195121678
Urdu/IE-Indic -0.00629975010918 0.150462200494 -0.0532616761562
Uyghur/Turkic -0.01256764992 -0.250664052992 -0.119735932595
Uzbek/Turkic -0.0110608796768 -0.24434022386 -0.136086735299
Vietnamese/MK -0.273858676146 -0.214463966872 0.078658176448
Vlach/IE-Romance-E 0.0833178224202 0.140626438322 0.0333749959868
Wakhi/IE-Iranian 0.194953913684 0.0282168018755 -0.0926175339079
Walloon/IE-Romance-W 0.135531143907 0.174984435761 0.0542864236858
Warji/AA-Chadic -0.194549998424 -0.154247085914 0.0237535638093
Waziri/IE-Iranian 0.241418275226 0.0708730859102 -0.0653411257855
Welsh/IE-Celtic 0.159691234739 -0.0691156226589 -0.0356428629277
Yakut/Turkic 0.00640680575508 -0.270368128541 -0.119064959499
Yiddish/IE-Germanic-W -0.00423541199211 0.0407394356438 0.228893809794
Yoruba/NC -0.184381526963 0.0332471612905 -0.302735556744
Zazaki/IE-Iranian 0.145852950797 0.077591596123 -0.158251124188
Zulu/NC -0.192269434362 -0.131391773215 -0.165385827827
